10 10
10 0.1
100
(7.660067646098977,2.1082554219925065) (7.633900619856389,2.035946229945352) (7.607733593613801,1.963637037898198) (7.581566567371214,1.8913278458510439) (7.555399541128626,1.8190186538038897) (7.529232514886038,1.7467094617567356) (7.5030654886434505,1.6744002697095814) (7.476898462400863,1.6020910776624273) (7.450731436158275,1.5297818856152732) (7.424564409915687,1.457472693568119) (7.3983973836731,1.385163501520965) 
(7.408822141741181,1.646650229597697) (7.339182653712917,1.5783540014714097) (7.269543165684652,1.5100577733451224) (7.199903677656388,1.441761545218835) (7.130264189628123,1.3734653170925477) (7.071984112897812,1.5103542047995964) (7.007324731799019,1.5320136786356489) (6.942665350700227,1.5536731524717013) (6.878005969601435,1.5753326263077538) (6.813346588502642,1.5969921001438063) (6.74868720740385,1.6186515739798588) 
(8.679558357633342,4.51779558815415) (8.758708945269246,4.462651656257791) (8.837859532905151,4.407507724361433) (8.917010120541056,4.352363792465074) (8.99616070817696,4.297219860568716) (9.075311295812865,4.2420759286723575) (9.15446188344877,4.186931996775999) (9.233612471084674,4.131788064879641) (9.312763058720579,4.076644132983282) (9.391913646356484,4.021500201086924) (9.471064233992388,3.9663562691905656) 
(6.664291829314532,1.9519077282686248) (6.642117828053116,1.964934628837005) (6.619943826791699,1.9779615294053854) (6.597769825530283,1.9909884299737657) (6.575595824268866,2.004015330542146) (6.55342182300745,2.0170422311105263) (6.5312478217460335,2.0300691316789066) (6.509073820484617,2.043096032247287) (6.486899819223201,2.056122932815667) (6.464725817961784,2.0691498333840475) (6.442551816700368,2.0821767339524277) 
(4.599835219995745,7.440230179236905) (4.506316096664355,7.356846433094733) (4.412796973332965,7.273462686952562) (4.3192778500015745,7.19007894081039) (4.225758726670184,7.106695194668219) (4.132239603338794,7.023311448526047) (4.038720480007404,6.9399277023838755) (3.9452013566760145,6.856543956241704) (3.851682233344625,6.773160210099532) (3.758163110013235,6.689776463957361) (3.6646439866818454,6.606392717815189) 
(5.867083901242282,7.598900190326247) (5.86350919352663,7.553959582442984) (5.859934485810978,7.509018974559722) (5.856359778095326,7.46407836667646) (5.852785070379674,7.419137758793197) (5.849210362664023,7.374197150909935) (5.845635654948371,7.3292565430266725) (5.842060947232719,7.28431593514341) (5.838486239517067,7.239375327260148) (5.834911531801415,7.194434719376885) (5.8313368240857635,7.149494111493623) 
(0.3764977743069131,2.1441360935160816) (0.28700079120725575,2.21864580758355) (0.19750380810759838,2.293155521651018) (0.10800682500794101,2.367665235718486) (0.08149015809171636,2.4421749497859544) (0.17098714119137373,2.5166846638534226) (0.26048412429103107,2.591194377920891) (0.34998110739068844,2.665704091988359) (0.4394780904903458,2.740213806055827) (0.5289750735900032,2.8147235201232954) (0.6184720566896605,2.8892332341907636) 
(1.552767276454864,5.949215304723182) (1.3632209156346915,5.887307959306032) (1.277562939386631,5.869865898473571) (1.1919049631385705,5.85242383764111) (1.10624698689051,5.834981776808649) (1.0205890106424496,5.817539715976189) (0.934931034394389,5.800097655143728) (0.8492730581463284,5.782655594311267) (0.7636150818982678,5.765213533478806) (0.6779571056502072,5.747771472646345) (0.5922991294021466,5.7303294118138846) 
(2.3087075512902357,5.97149141215629) (2.2937163883681015,5.9464545979861105) (2.2787252254459673,5.921417783815931) (2.263734062523833,5.896380969645752) (2.248742899601699,5.8713441554755725) (2.2337517366795647,5.846307341305393) (2.2187605737574305,5.821270527135214) (2.2037694108352963,5.7962337129650345) (2.188778247913162,5.771196898794855) (2.173787084991028,5.746160084624676) (2.1587959220688937,5.7211232704544965) 
(2.4926105767745135,7.497630517384573) (2.5777064803213476,7.430921161544337) (2.662802383868182,7.3642118057041) (2.747898287415016,7.297502449863863) (2.83299419096185,7.2307930940236265) (2.9180900945086843,7.16408373818339) (3.0031859980555184,7.097374382343153) (3.0882819016023526,7.030665026502916) (3.1733778051491868,6.9639556706626795) (3.258473708696021,6.897246314822443) (3.343569612242855,6.830536958982206) 
(3.993227055726752,8.401367714247273) (4.032797550929999,8.392252502456905) (4.072368046133246,8.383137290666538) (4.111938541336492,8.37402207887617) (4.151509036539739,8.364906867085802) (4.191079531742986,8.355791655295434) (4.230650026946233,8.346676443505066) (4.270220522149479,8.337561231714698) (4.309791017352726,8.32844601992433) (4.349361512555973,8.319330808133962) (4.3889320077592195,8.310215596343594) 
(0.20111120887154943,9.985702035587149) (0.1893067562717438,9.985974979082696) (0.17750230367193814,9.842348006247459) (0.1656978510721325,9.770670991577614) (0.15389339847232686,9.698993976907769) (0.1661567767669089,9.749087216086483) (0.17587329830546236,9.786294732614975) (0.18558981984401582,9.823502249143466) (0.19530634138256928,9.860709765671958) (0.20502286292112273,9.89791728220045) (0.2147393844596762,9.96487520127106) 
(1.3266378029309445,1.0439482120404653) (1.230146354984803,1.0155138662824028) (1.1336549070386617,0.9870795205243403) (1.0371634590925203,0.9586451747662779) (0.9406720111463789,0.9302108290082154) (0.8441805632002375,0.9017764832501529) (0.7476891152540961,0.8733421374920904) (0.6511976673079547,0.844907791734028) (0.5547062193618133,0.8164734459759655) (0.45821477141567185,0.788039100217903) (0.3617233234695304,0.7596047544598405) 
(4.293027955802476,5.180088480904774) (4.196992161950375,5.252510584541807) (4.100956368098274,5.32493268817884) (4.004920574246173,5.397354791815872) (3.908884780394072,5.469776895452905) (3.8128489865419715,5.542198999089938) (3.716813192689871,5.614621102726971) (3.6207773988377703,5.687043206364003) (3.5247416049856697,5.759465310001036) (3.428705811133569,5.831887413638069) (3.3326700172814685,5.9043095172751014) 
(9.238282704061762,9.882779342826819) (9.14533267075424,9.859794641553743) (9.052382637446717,9.836809940280666) (8.959432604139195,9.81382523900759) (8.866482570831673,9.790840537734514) (8.77353253752415,9.767855836461438) (8.680582504216629,9.744871135188362) (8.587632470909107,9.721886433915286) (8.494682437601584,9.69890173264221) (8.401732404294062,9.675917031369133) (8.30878237098654,9.652932330096057) 
(9.321274710493588,0.1198028389747352) (9.331609846733826,0.15096065183799634) (9.341944982974065,0.18211846470125748) (9.352280119214303,0.2132762775645186) (9.362615255454541,0.24443409042777975) (9.37295039169478,0.2755919032910409) (9.383285527935017,0.306749716154302) (9.393620664175256,0.33790752901756316) (9.403955800415494,0.3690653418808243) (9.414290936655732,0.40022315474408543) (9.42462607289597,0.43138096760734657) 
(6.055395985050021,1.8749614636844358) (6.022189715404787,1.8188988765752194) (6.005516239061892,1.751199624747283) (5.988842762718997,1.6835003729193465) (5.9721692863761024,1.61580112109141) (5.955495810033208,1.5481018692634736) (5.938822333690313,1.4804026174355371) (5.922148857347418,1.4127033656076007) (5.905475381004523,1.3450041137796642) (5.888801904661628,1.2773048619517278) (5.872128428318733,1.2096056101237913) 
(9.403689964375282,4.7371002046644906) (9.420320006840557,4.750680168124145) (9.441287364723271,4.8473357159700186) (9.454943808020133,4.880764314159209) (9.47335094001628,4.928774543682245) (9.491758072012427,4.976784773205281) (9.510165204008574,5.024795002728316) (9.528572336004721,5.072805232251352) (9.546979468000869,5.120815461774388) (9.432373236085597,5.118063780387425) (9.33698207513625,5.122645149543797) 
(1.6474401302781883,5.964574565314632) (1.8577872520609142,6.031043483413077) (1.9642459892715285,6.053047116926832) (2.0707047264821425,6.075050750440587) (2.177163463692757,6.097054383954342) (2.283622200903371,6.119058017468097) (2.3900809381139854,6.141061650981852) (2.4965396753245996,6.163065284495607) (2.602998412535214,6.185068918009362) (2.709457149745828,6.207072551523117) (2.8159158869564425,6.229076185036872) 
(9.949933714797613,1.9434547544708114) (9.857876832153197,1.9548470667186715) (9.765819949508781,1.9662393789665316) (9.673763066864366,1.9776316912143916) (9.58170618421995,1.9890240034622517) (9.489649301575534,2.000416315710112) (9.397592418931119,2.011808627957972) (9.562172662221412,1.9691387169196057) (9.634742760962569,1.9458513210224) (9.707312859703725,1.9225639251251943) (9.779882958444881,1.8992765292279885) 
(5.662042382388249,7.623068379151193) (5.5670844601611815,7.551773546588661) (5.472126537934114,7.4804787140261295) (5.377168615707047,7.409183881463598) (5.28221069347998,7.337889048901066) (5.187252771252913,7.266594216338534) (5.092294849025846,7.195299383776002) (4.997336926798779,7.124004551213471) (4.902379004571712,7.052709718650939) (4.807421082344645,6.981414886088407) (4.7124631601175775,6.910120053525875) 
(9.811769662713326,6.567958961572623) (9.992597203227005,6.608104494701543) (9.896964069167336,6.648250027830462) (9.801330935107666,6.688395560959382) (9.705697801047997,6.7285410940883015) (9.610064666988327,6.768686627217221) (9.514431532928658,6.808832160346141) (9.418798398868988,6.84897769347506) (9.462956606662573,6.727143337806649) (9.478146249809182,6.638875616651706) (9.493335892955791,6.550607895496763) 
(5.889670183897219,3.271362206398342) (5.819616029755915,3.343731551962943) (5.749561875614611,3.416100897527544) (5.679507721473307,3.488470243092145) (5.609453567332003,3.560839588656746) (5.539399413190699,3.633208934221347) (5.469345259049395,3.7055782797859482) (5.399291104908091,3.7779476253505493) (5.329236950766787,3.8503169709151503) (5.259182796625483,3.9226863164797514) (5.189128642484179,3.9950556620443525) 
(4.947118611367256,2.682972546521584) (4.9753128010539625,2.7535130421889225) (5.003506990740669,2.824053537856261) (5.031701180427375,2.8945940335235996) (5.059895370114082,2.965134529190938) (5.088089559800788,3.0356750248582767) (5.116283749487494,3.1062155205256152) (5.144477939174201,3.176756016192954) (5.172672128860907,3.2472965118602923) (5.076611870417026,3.315993039584181) (5.177542245922145,3.2454337436904757) 
(0.1802153844684662,9.398202325074456) (0.12953792261381888,9.42731393185779) (0.021139539240828426,9.456425538641126) (0.028182998904524276,9.48553714542446) (0.12249446295012303,9.514648752207796) (0.14910409391038262,9.421990105142571) (0.17826058162667083,9.342217180727568) (0.20741706934295903,9.262444256312564) (0.23657355705924724,9.182671331897561) (0.2657300447755354,9.102898407482558) (0.2948865324918236,9.023125483067554) 
(3.4847568152888933,2.069049206156899) (3.495849805664588,2.1194633318218155) (3.506942796040283,2.169877457486732) (3.518035786415978,2.2202915831516488) (3.529128776791673,2.2707057088165654) (3.5402217671673677,2.321119834481482) (3.5513147575430626,2.3715339601463987) (3.5624077479187575,2.4219480858113154) (3.5735007382944524,2.472362211476232) (3.5845937286701473,2.5227763371411487) (3.595686719045842,2.5731904628060653) 
(7.011424836445724,1.825515302167079) (6.9809169443476495,1.7492351039567704) (6.950409052249575,1.6729549057464619) (6.9199011601515,1.5966747075361534) (6.889393268053426,1.5203945093258449) (6.858885375955351,1.4441143111155363) (6.828377483857277,1.3678341129052278) (6.797869591759202,1.2915539146949193) (6.767361699661127,1.2152737164846108) (6.736853807563053,1.1389935182743023) (6.706345915464978,1.0627133200639938) 
(0.7471350581323444,6.869837170146614) (0.8283638410005545,6.946834911927734) (0.9095926238687646,7.023832653708855) (0.9908214067369747,7.100830395489975) (1.0720501896051848,7.177828137271096) (1.153278972473395,7.254825879052216) (1.234507755341605,7.331823620833337) (1.3157365382098152,7.408821362614457) (1.3969653210780253,7.485819104395578) (1.4781941039462354,7.562816846176698) (1.5594228868144455,7.639814587957819) 
(2.2556729431855738,0.007294229600084412) (2.182563496948595,0.010934936359212277) (2.1094540507116166,0.17083589768149104) (2.036344604474638,0.2526067317221944) (1.9632351582376595,0.3343775657628977) (1.890125712000681,0.41614839980360097) (1.8170162657637023,0.49791923384430425) (1.6083374461480437,0.325372818386479) (1.4612365317573346,0.2683416044553798) (1.3141356173666254,0.2113103905242806) (1.1670347029759163,0.1542791765931814) 
(6.224608108264691,4.065939959169153) (6.312281849703316,4.1473511886614025) (6.399955591141941,4.228762418153652) (6.487629332580566,4.310173647645901) (6.575303074019191,4.3915848771381505) (6.6629768154578155,4.4729961066304) (6.75065055689644,4.554407336122649) (6.838324298335065,4.6358185656148985) (6.92599803977369,4.717229795107148) (7.013671781212315,4.798641024599397) (7.10134552265094,4.8800522540916464) 
(7.886945136847382,4.389221032290279) (7.9471511268998904,4.480500332854794) (8.007357116952399,4.571779633419308) (8.067563107004908,4.663058933983823) (8.127769097057417,4.754338234548338) (8.187975087109926,4.8456175351128525) (8.248181077162435,4.936896835677367) (8.317510544618509,4.923418857539259) (8.386255867033418,4.916648129517884) (8.455001189448327,4.909877401496509) (8.523746511863235,4.903106673475134) 
(5.272740155471368,4.472812836643674) (5.206108283066514,4.552189685485587) (5.1394764106616595,4.6315665343275) (5.072844538256805,4.710943383169413) (5.006212665851951,4.790320232011326) (4.939580793447097,4.869697080853239) (4.8729489210422425,4.949073929695152) (4.806317048637388,5.028450778537065) (4.739685176232534,5.107827627378978) (4.67305330382768,5.1872044762208915) (4.606421431422826,5.266581325062805) 
(5.283801724818669,5.114435530485839) (5.273686235990245,5.022194151317852) (5.263570747161821,4.929952772149866) (5.253455258333397,4.83771139298188) (5.243339769504973,4.745470013813893) (5.233224280676549,4.653228634645907) (5.223108791848126,4.5609872554779205) (5.212993303019702,4.468745876309934) (5.202877814191278,4.376504497141948) (5.192762325362854,4.284263117973961) (5.18264683653443,4.192021738805975) 
(5.464451280834977,0.08022197271445486) (5.422583444342764,0.058144945102862264) (5.380715607850551,0.0034881370798206246) (5.3388477713583375,0.13487878073749648) (5.296979934866124,0.1732456985548136) (5.255112098373911,0.2116126163721307) (5.213244261881698,0.2499795341894478) (5.171376425389485,0.2883464520067649) (5.129508588897272,0.326713369824082) (5.087640752405059,0.3650802876413991) (5.0457729159128455,0.4034472054587162) 
(8.965713546560705,2.13537135750836) (8.946448134212801,2.099061774549901) (8.927182721864897,2.062752191591442) (8.907917309516993,2.026442608632983) (8.888651897169089,1.990133025674524) (8.869386484821185,1.953823442716065) (8.85012107247328,1.917513859757606) (8.830855660125376,1.881204276799147) (8.811590247777472,1.844894693840688) (8.703274982228168,1.7705108451305103) (8.605992189909362,1.7008440543668144) 
(9.300045088268293,4.838393535778859) (9.41229294437289,4.916918834582163) (9.520203485060046,4.912368548999249) (9.635424940333056,4.971045213073016) (9.74589570690678,5.015140245812938) (9.856366473480502,5.059235278552859) (9.933162759945775,5.103330311292781) (9.822691993372052,5.147425344032702) (9.712221226798329,5.1915203767726235) (9.734763824136023,5.286377320422545) (9.738091350507794,5.37390121352913) 
(2.9761513897204317,8.167189143085082) (3.0122998898731486,8.15413678730086) (3.0484483900258654,8.141084431516639) (3.0845968901785823,8.128032075732417) (3.120745390331299,8.114979719948195) (3.156893890484016,8.101927364163974) (3.193042390636733,8.088875008379752) (3.2291908907894498,8.07582265259553) (3.2653393909421666,8.062770296811308) (3.3014878910948835,8.049717941027087) (3.3376363912476004,8.036665585242865) 
(0.6147086346788899,8.030925266106998) (0.682340986234162,7.980332796287986) (0.749973337789434,7.929740326468975) (0.817605689344706,7.879147856649964) (0.885238040899978,7.828555386830953) (0.9528703924552501,7.7779629170119415) (1.020502744010522,7.72737044719293) (1.088135095565794,7.676777977373919) (1.155767447121066,7.626185507554908) (1.2233997986763379,7.575593037735897) (1.2910321502316098,7.525000567916885) 
(0.1739481156871847,3.132184225467607) (0.1457594758987591,3.2296897887977556) (0.11757083611033346,3.3271953521279043) (0.010617803678092175,3.424700915458053) (0.0611935565334822,3.5222064787882017) (0.06699508325494344,3.6197120421183504) (0.0048162769566309355,3.717217605448499) (0.1233723628317947,3.814723168778648) (0.15156100262022032,3.9122287321087965) (0.17974964240864594,4.009734295438945) (0.20793828219707156,4.107239858769094) 
(3.470598256009131,1.2459208514420528) (3.4429977837277157,1.3166481604324929) (3.4153973114463003,1.387375469422933) (3.387796839164885,1.458102778413373) (3.3601963668834696,1.5288300874038132) (3.332595894602054,1.5995573963942533) (3.304995422320639,1.6702847053846934) (3.2773949500392234,1.7410120143751335) (3.249794477757808,1.8117393233655736) (3.2221940054763927,1.8824666323560137) (3.1945935331949773,1.9531939413464539) 
(8.717954867129158,3.740092069601646) (8.61857680189442,3.7203403562469353) (8.519198736659682,3.7005886428922246) (8.419820671424944,3.680836929537514) (8.320442606190205,3.661085216182803) (8.221064540955467,3.6413335028280924) (8.121686475720729,3.6215817894733817) (8.02230841048599,3.601830076118671) (7.9229303452512525,3.5820783627639603) (7.937457748169076,3.7072783153986855) (7.910860072500273,3.780144093460739) 
(2.5210005362813526,2.943516866944761) (2.4362811246935014,3.0056038335802895) (2.3515617131056503,3.067690800215818) (2.266842301517799,3.1297777668513462) (2.182122889929948,3.1918647334868746) (2.097403478342097,3.253951700122403) (2.012684066754246,3.3160386667579314) (1.9279646551663947,3.3781256333934597) (1.8432452435785436,3.440212600028988) (1.7585258319906925,3.5022995666645165) (1.6738064204028413,3.564386533300045) 
(4.459956715078647,3.4503431005233933) (4.487892080999965,3.5490715535412862) (4.515827446921284,3.647800006559179) (4.543762812842602,3.746528459577072) (4.571698178763921,3.845256912594965) (4.599633544685239,3.943985365612858) (4.627568910606557,4.042713818630751) (4.655504276527876,4.141442271648644) (4.683439642449194,4.2401707246665366) (4.711375008370513,4.3388991776844295) (4.739310374291831,4.437627630702322) 
(7.6638186027127375,2.709269539400422) (7.720663925407081,2.653336254415139) (7.777509248101424,2.597402969429856) (7.834354570795767,2.541469684444573) (7.891199893490111,2.4855363994592903) (7.948045216184454,2.4296031144740073) (8.004890538878797,2.3736698294887244) (8.06173586157314,2.3177365445034415) (8.118581184267484,2.2618032595181585) (8.175426506961827,2.2058699745328756) (8.23227182965617,2.1499366895475926) 
(9.563657049734255,0.18044833505648894) (9.620323713079049,0.17757010927987305) (9.676990376423843,0.17469188350325715) (9.733657039768637,0.17181365772664126) (9.790323703113431,0.16893543195002536) (9.846990366458225,0.16605720617340947) (9.99634297019698,0.16317898039679357) (9.960323693147814,0.16030075462017768) (9.883009643507393,0.15742252884356178) (9.826342980162599,0.1545443030669459) (9.769676316817804,0.15166607729033) 
(4.9818086126081145,1.1826150528278712) (4.899047831932058,1.1046408450826217) (4.816287051256001,1.0266666373373723) (4.733526270579945,0.9486924295921229) (4.650765489903888,0.8707182218468734) (4.568004709227831,0.792744014101624) (4.485243928551775,0.7147698063563745) (4.402483147875718,0.6367955986111251) (4.319722367199661,0.5588213908658757) (4.236961586523605,0.4808471831206263) (4.154200805847548,0.4028729753753769) 
(5.267233984565904,5.890469919220955) (5.248507068730423,5.923608554627228) (5.229780152894942,5.956747190033502) (5.211053237059461,5.989885825439775) (5.192326321223979,6.023024460846049) (5.173599405388498,6.056163096252322) (5.154872489553017,6.089301731658596) (5.136145573717536,6.122440367064869) (5.117418657882054,6.155579002471143) (5.098691742046573,6.188717637877416) (5.079964826211092,6.22185627328369) 
(7.945327186334725,2.9782838909184783) (7.933196895592573,3.039780953472746) (7.921066604850421,3.1012780160270137) (7.908936314108269,3.1627750785812814) (7.896806023366117,3.224272141135549) (7.884675732623965,3.2857692036898167) (7.872545441881813,3.3472662662440844) (7.8604151511396605,3.408763328798352) (7.848284860397508,3.4702603913526198) (7.722249101502794,3.386805787917452) (7.637338421194707,3.3556853590549554) 
(7.218165354268368,2.768617704604207) (7.169147996442231,2.852536734976076) (7.120130638616093,2.9364557653479455) (7.071113280789955,3.020374795719815) (6.92424181274774,2.949099681942183) (6.826395129468776,2.955576637000964) (6.728548446189812,2.9620535920597453) (6.6307017629108485,2.9685305471185264) (6.532855079631885,2.9750075021773075) (6.435008396352921,2.9814844572360886) (6.337161713073957,2.9879614122948697) 
(6.73392322026724,5.635949459339398) (6.783205985678528,5.64727366244006) (6.832488751089816,5.658597865540723) (6.881771516501104,5.669922068641386) (6.931054281912392,5.681246271742048) (6.98033704732368,5.692570474842711) (7.029619812734968,5.7038946779433735) (7.078902578146256,5.715218881044036) (7.1281853435575435,5.726543084144699) (7.1774681089688315,5.737867287245361) (7.226750874380119,5.749191490346024) 
(7.220108809797883,1.1748598340032401) (7.215065029611713,1.1932188826218457) (7.210021249425544,1.2115779312404513) (7.204977469239374,1.229936979859057) (7.199933689053204,1.2482960284776625) (7.183530497569082,1.0614699612629324) (7.1735066104534395,0.989873307919198) (7.163482723337797,0.9182766545754637) (7.153458836222154,0.8466800012317294) (7.143434949106512,0.775083347887995) (7.133411061990869,0.7034866945442607) 
(8.92094742097939,2.515332680735635) (8.980353137452408,2.4295530485847636) (9.039758853925425,2.3437734164338924) (9.099164570398443,2.257993784283021) (9.158570286871461,2.17221415213215) (9.217976003344479,2.0864345199812786) (9.277381719817496,2.0006548878304073) (9.080150310355805,1.9689374789657623) (8.974929045443249,1.917837554959957) (8.958757633732095,1.9048118967058703) (8.931553748790442,1.8870691805053017) 
(7.508132073635833,4.996452701685614) (7.601892576669855,5.0584823639468635) (7.695653079703877,5.120512026208113) (7.789413582737899,5.182541688469362) (7.754916234441762,5.266752415544108) (7.724294666487309,5.350292860573192) (7.693673098532857,5.433833305602276) (7.663051530578405,5.51737375063136) (7.632429962623952,5.600914195660444) (7.6018083946695,5.684454640689528) (7.5711868267150475,5.767995085718612) 
(3.0579600601276336,0.11004327079662035) (3.037242252530078,0.06059430682228001) (3.016524444932523,0.13123188444118036) (2.9958066373349674,0.20186946206008072) (2.797259682096343,0.1662252469406544) (2.657800491662715,0.16589556633753297) (2.518341301229087,0.16556588573441153) (2.378882110795459,0.1652362051312901) (2.239422920361831,0.16490652452816865) (2.099963729928203,0.1645768439250472) (1.9605045394945748,0.16424716332192577) 
(2.9005322221346894,1.0733840617457857) (2.7336919874969516,1.0665736227253824) (2.9462750814571423,1.0439462768168981) (3.003565490784905,1.0365948035559274) (3.060855900112668,1.0292433302949566) (3.118146309440431,1.0218918570339859) (3.1754367187681938,1.0145403837730151) (3.2327271280959566,1.0071889105120444) (3.2900175374237195,0.9998374372510735) (3.3473079467514824,0.9924859639901027) (3.404598356079245,0.9851344907291318) 
(7.175245440227615,8.594472821281284) (7.269393342521409,8.5598540272541) (7.3635412448152024,8.525235233226917) (7.457689147108996,8.490616439199734) (7.55183704940279,8.45599764517255) (7.645984951696584,8.421378851145366) (7.740132853990378,8.386760057118183) (7.834280756284172,8.352141263091) (7.928428658577966,8.317522469063816) (8.02257656087176,8.282903675036632) (8.116724463165555,8.248284881009448) 
(5.542835371896894,4.044117828881372) (5.501150079227085,3.9641720440950214) (5.459464786557277,3.8842262593086705) (5.417779493887468,3.8042804745223195) (5.37609420121766,3.7243346897359686) (5.334408908547851,3.6443889049496176) (5.292723615878042,3.5644431201632667) (5.251038323208234,3.4844973353769157) (5.209353030538425,3.404551550590565) (5.221536446675122,3.5197773598994813) (5.2233928175854905,3.5975872755704734) 
(9.653149123343693,2.9412210699657115) (9.568266732220307,2.881388948754093) (9.48338434109692,2.8215568275424743) (9.398501949973534,2.7617247063308556) (9.313619558850148,2.701892585119237) (9.228737167726761,2.6420604639076184) (9.143854776603375,2.5822283426959998) (9.058972385479988,2.522396221484381) (8.974089994356602,2.4625641002727625) (8.889207603233215,2.402731979061144) (8.804325212109829,2.3428998578495253) 
(5.961374371372829,9.1118010468019) (6.051342609826859,9.085775939684467) (6.14131084828089,9.059750832567033) (6.23127908673492,9.0337257254496) (6.321247325188951,9.007700618332166) (6.4112155636429815,8.981675511214732) (6.501183802097012,8.955650404097298) (6.591152040551043,8.929625296979864) (6.681120279005073,8.90360018986243) (6.771088517459104,8.877575082744997) (6.861056755913134,8.851549975627563) 
(3.031729950947949,4.481143382417617) (3.058679587307483,4.520855467063142) (3.0856292236670164,4.560567551708667) (3.11257886002655,4.600279636354192) (3.1395284963860837,4.639991720999717) (3.1664781327456173,4.679703805645242) (3.193427769105151,4.719415890290767) (3.2203774054646845,4.759127974936292) (3.247327041824218,4.798840059581817) (3.274276678183752,4.838552144227342) (3.3012263145432854,4.878264228872867) 
(5.246753072007843,3.3993963448577214) (5.279963345932153,3.382283407223507) (5.313173619856462,3.365170469589293) (5.3463838937807715,3.3480575319550785) (5.379594167705081,3.330944594320864) (5.41280444162939,3.31383165668665) (5.4460147155537,3.2967187190524356) (5.479224989478009,3.2796057814182213) (5.35719240459208,3.233718729820632) (5.403451315137598,3.197837870357393) (5.433228454918133,3.1617124171802136) 
(5.195808714622874,9.327564004096491) (5.1508225053771595,9.282364937234162) (5.105836296131445,9.237165870371832) (5.06085008688573,9.191966803509503) (5.015863877640015,9.146767736647174) (4.970877668394301,9.101568669784845) (4.925891459148586,9.056369602922516) (4.880905249902871,9.011170536060186) (4.835919040657156,8.965971469197857) (4.802025375220077,8.883632053465448) (4.766286096777078,8.807472168064542) 
(7.843703569042272,8.576682702306325) (7.7788281627984235,8.65853986495026) (7.713952756554575,8.740397027594195) (7.649077350310727,8.82225419023813) (7.584201944066879,8.904111352882065) (7.519326537823031,8.985968515526) (7.454451131579183,9.067825678169935) (7.389575725335335,9.14968284081387) (7.3247003190914866,9.231540003457805) (7.259824912847638,9.31339716610174) (7.1557850233184706,9.3535160662182) 
(3.216514100069263,3.0166574477436225) (3.164716576297881,3.0851537439063064) (3.1129190525264985,3.15365004006899) (3.061121528755116,3.222146336231674) (3.0093240049837338,3.290642632394358) (2.9575264812123514,3.3591389285570417) (2.905728957440969,3.4276352247197255) (2.8539314336695867,3.4961315208824093) (2.8021339098982043,3.564627817045093) (2.750336386126822,3.633124113207777) (2.6985388623554396,3.7016204093704608) 
(5.55528271346907,4.999653382529539) (5.599717635148545,5.062223131164567) (5.644152556828021,5.124792879799594) (5.688587478507497,5.187362628434622) (5.7330224001869725,5.2499323770696495) (5.777457321866448,5.312502125704677) (5.821892243545924,5.375071874339705) (5.8663271652254,5.437641622974732) (5.910762086904875,5.50021137160976) (5.955197008584351,5.562781120244788) (5.999631930263827,5.625350868879815) 
(8.171571579061016,3.1365823161285644) (8.265524964685097,3.1739337239572323) (8.359478350309178,3.2112851317859) (8.45343173593326,3.248636539614568) (8.54738512155734,3.285987947443236) (8.641338507181421,3.3233393552719037) (8.735291892805503,3.3606907631005716) (8.829245278429584,3.3980421709292394) (8.923198664053665,3.4353935787579073) (9.017152049677746,3.472744986586575) (9.111105435301827,3.510096394415243) 
(4.873930246317508,9.193733960251171) (4.888336933258375,9.268736687982212) (4.902743620199242,9.343739415713253) (4.917150307140109,9.418742143444295) (4.931556994080976,9.493744871175336) (4.945963681021843,9.568747598906377) (4.849822379685581,9.290331655245506) (4.817241003916842,9.215114926676007) (4.784659628148103,9.139898198106508) (4.7409857085707285,9.101821818407089) (4.6991574019992735,9.057565908376166) 
(2.4561169430827157,8.08976688277338) (2.4096904088210547,8.129283723196169) (2.3632638745593937,8.168800563618957) (2.3168373402977327,8.208317404041745) (2.2704108060360717,8.247834244464533) (2.2239842717744107,8.287351084887321) (2.1775577375127497,8.32686792531011) (2.1311312032510887,8.366384765732898) (2.0847046689894277,8.405901606155686) (2.0382781347277668,8.445418446578474) (1.9918516004661058,8.484935287001262) 
(6.593594395088735,7.836964336740927) (6.632506028671962,7.809376906281921) (6.671417662255189,7.781789475822915) (6.710329295838417,7.754202045363909) (6.749240929421644,7.7266146149049035) (6.788152563004871,7.699027184445898) (6.827064196588099,7.671439753986892) (6.865975830171326,7.643852323527886) (6.904887463754553,7.61626489306888) (6.943799097337781,7.5886774626098745) (6.982710730921008,7.561090032150869) 
(2.6254707803460766,1.0714885856145262) (2.674660591147483,0.9817874017141326) (2.426029640786842,0.9213823306993224) (2.3326913750586296,0.8457013870369988) (2.239353109330417,0.7700204433746752) (2.1460148436022046,0.6943394997123516) (2.3170156591315836,0.7525457374926259) (2.3690006459709303,0.7504707116226133) (2.420985632810277,0.7483956857526006) (2.4729706196496237,0.746320659882588) (2.5249556064889704,0.7442456340125754) 
(7.753496429687531,9.726601834576364) (7.706320510924134,9.713889800373208) (7.659144592160737,9.701177766170051) (7.61196867339734,9.688465731966895) (7.564792754633943,9.675753697763739) (7.5176168358705455,9.663041663560582) (7.470440917107148,9.650329629357426) (7.424436114490998,9.686018519439285) (7.378142108979378,9.709754976383289) (7.331848103467758,9.733491433327293) (7.285554097956138,9.757227890271297) 
(9.511725833258398,3.670615965211874) (9.584019347717765,3.6466798966882292) (9.656312862177133,3.6227438281645843) (9.7286063766365,3.5988077596409394) (9.800899891095868,3.5748716911172944) (9.873193405555236,3.5509356225936495) (9.954513079985396,3.5269995540700045) (9.882219565526029,3.5030634855463596) (9.809926051066661,3.4791274170227147) (9.737632536607293,3.4551913484990697) (9.665339022147926,3.431255279975425) 
(5.129253424890631,3.6297754237104005) (5.112948241338207,3.596930947063901) (5.096643057785782,3.5640864704174016) (5.080337874233357,3.531241993770902) (5.064032690680932,3.4983975171244026) (5.047727507128507,3.465553040477903) (5.031422323576082,3.4327085638314037) (5.015117140023658,3.399864087184904) (4.998811956471233,3.3670196105384047) (4.982506772918808,3.3341751338919052) (4.785692726182367,3.440831074576941) 
(8.561004894375666,8.60692358095869) (8.653005986904379,8.680781255410777) (8.745007079433092,8.754638929862864) (8.837008171961806,8.828496604314951) (8.929009264490519,8.902354278767039) (9.021010357019232,8.976211953219126) (9.113011449547946,9.050069627671213) (9.205012542076659,9.1239273021233) (9.27457283758493,9.252832837769244) (9.153547645547581,9.128607738067538) (9.104604972555025,9.32247742997711) 
(9.674333263501286,9.727267139403379) (9.632545882763441,9.676401103509015) (9.590758502025597,9.625535067614651) (9.548971121287753,9.574669031720287) (9.507183740549909,9.523802995825923) (9.465396359812065,9.472936959931559) (9.42360897907422,9.422070924037195) (9.381821598336376,9.371204888142831) (9.340034217598532,9.320338852248467) (9.494529127398076,9.508629045175379) (9.58115692797331,9.614227917053153) 
(3.26111574726224,6.301273813194557) (3.29969585319376,6.362580949520155) (3.33827595912528,6.423888085845753) (3.3768560650568,6.485195222171352) (3.41543617098832,6.54650235849695) (3.45401627691984,6.607809494822548) (3.49259638285136,6.669116631148146) (3.5311764887828803,6.730423767473744) (3.5697565947144003,6.791730903799342) (3.6083367006459204,6.8530380401249404) (3.6469168065774404,6.914345176450539) 
(3.018428666835886,1.0832791955265475) (3.1679569119282625,1.1110804553005362) (3.235882589584757,1.1254025090770223) (3.303808267241252,1.1397245628535084) (3.3717339448977466,1.1540466166299945) (3.4396596225542413,1.1683686704064806) (3.507585300210736,1.1826907241829667) (3.5755109778672307,1.1970127779594528) (3.6434366555237254,1.211334831735939) (3.71136233318022,1.225656885512425) (3.779288010836715,1.2399789392889111) 
(5.310430547026077,9.944759903375838) (5.228324843900483,9.895514385375611) (5.146219140774888,9.835788674127059) (5.064113437649294,9.776062962878507) (4.982007734523699,9.716337251629955) (4.8999020313981045,9.656611540381403) (4.928344316549639,9.950304500524762) (4.893226676133651,9.85920175442325) (4.858109035717662,9.768708009371261) (4.822991395301674,9.678214264319273) (4.787873754885686,9.587720519267284) 
(0.18341737525916835,7.385635771279311) (0.2352679745247452,7.452451718602848) (0.2871185737903221,7.519267665926385) (0.33896917305589896,7.586083613249922) (0.39081977232147586,7.652899560573459) (0.44267037158705275,7.719715507896996) (0.49452097085262964,7.786531455220533) (0.5463715701182065,7.85334740254407) (0.5982221693837834,7.920163349867607) (0.6500727686493603,7.986979297191144) (0.7019233679149371,8.053795244514681) 
(3.387830489355613,0.5132147584909086) (3.3057589171688613,0.41686495087394376) (3.2236873449821095,0.32051514325697894) (3.1416157727953578,0.22416533564001412) (3.237373348249675,0.234097320761376) (3.2740431588989964,0.20871477136643296) (3.3107129695483177,0.18333222197148993) (3.347382780197639,0.1579496725765469) (3.3840525908469603,0.13256712318160388) (3.4207224014962816,0.10718457378666085) (3.457392212145603,0.01819797560828218) 
(7.401333117788946,3.1072279378677536) (7.314361065288161,3.1068481437588464) (7.227389012787377,3.1064683496499392) (7.140416960286593,3.106088555541032) (7.151299018001887,3.260902905581626) (7.1131562909539285,3.3379651867858073) (7.07501356390597,3.415027467989989) (7.036870836858012,3.4920897491941703) (7.1490291605349165,3.4061543722230048) (7.225698747854167,3.358705625185579) (7.302368335173418,3.311256878148153) 
(8.475253083298055,6.119052723404579) (8.506050705693388,6.157731894593605) (8.536848328088722,6.19641106578263) (8.567645950484055,6.235090236971656) (8.598443572879388,6.273769408160682) (8.629241195274721,6.312448579349708) (8.660038817670054,6.351127750538733) (8.690836440065388,6.389806921727759) (8.721634062460721,6.428486092916785) (8.752431684856054,6.467165264105811) (8.783229307251387,6.505844435294836) 
(8.109217835635526,5.099320280311669) (8.06689842874334,5.115220163448196) (8.024579021851153,5.131120046584724) (7.9822596149589655,5.147019929721251) (8.068198059396938,5.140738748044282) (8.150260723493226,5.135127848412975) (8.232323387589513,5.129516948781668) (8.305262574282235,5.228663327852984) (8.378785906016121,5.321102456807567) (8.452309237750008,5.413541585762149) (8.525832569483894,5.505980714716732) 
(9.256680962896377,8.392229934464266) (9.253633620088621,8.475239495060054) (9.250586277280865,8.55824905565584) (9.24753893447311,8.641258616251628) (9.244491591665353,8.724268176847415) (9.241444248857597,8.807277737443203) (9.238396906049841,8.89028729803899) (9.235349563242085,8.973296858634777) (9.254743017454771,9.001258558036708) (9.26843966867569,9.043194663965014) (9.277920910076125,8.84972729933118) 
(1.7947721356278212,0.7304991328465071) (1.8537021262725435,0.7147122944977883) (1.9126321169172658,0.6989254561490694) (1.971562107561988,0.6831386178003506) (2.0304920982067105,0.6673517794516317) (2.0894220888514328,0.6515649411029129) (1.8840129982385634,0.5018909213115962) (1.9331891096944063,0.6668154146690949) (1.9207873159252997,0.7162247064998676) (1.9083855221561932,0.7656339983306403) (1.8959837283870866,0.815043290161413) 
(6.510112954616096,4.034523684924174) (6.570317204016128,3.971892157854803) (6.63052145341616,3.9092606307854316) (6.6907257028161915,3.8466291037160603) (6.750929952216223,3.783997576646689) (6.811134201616255,3.7213660495773175) (6.871338451016287,3.658734522507946) (6.931542700416319,3.596102995438575) (6.841445899091488,3.6964691265445504) (6.786837834124311,3.7583486277167863) (6.732229769157135,3.8202281288890223) 
(1.2352461695678107,8.761646201844622) (1.309978273824665,8.85201688175717) (1.3847103780815193,8.942387561669717) (1.4594424823383736,9.032758241582265) (1.5341745865952279,9.123128921494812) (1.6089066908520822,9.21349960140736) (1.6836387951089364,9.303870281319908) (1.7583708993657907,9.394240961232455) (1.833103003622645,9.484611641145003) (1.9078351078794993,9.57498232105755) (1.9825672121363536,9.665353000970098) 
(1.225616386297429,9.698874116026355) (1.1499981452649188,9.661651724574154) (1.0743799042324087,9.624429333121954) (0.9987616631998986,9.587206941669754) (0.9231434221673884,9.549984550217554) (0.8475251811348783,9.512762158765353) (0.7719069401023682,9.475539767313153) (0.696288699069858,9.438317375860953) (0.6206704580373479,9.401094984408752) (0.5450522170048377,9.363872592956552) (0.4694339759723276,9.326650201504352) 
(9.4880818677395,5.476898339558684) (9.5338586395055,5.552391961127016) (9.5796354112715,5.627885582695349) (9.6254121830375,5.7033792042636815) (9.671188954803501,5.778872825832014) (9.716965726569502,5.854366447400347) (9.762742498335502,5.929860068968679) (9.808519270101502,6.005353690537012) (9.854296041867503,6.080847312105345) (9.999927186366497,6.156340933673677) (9.945849585399504,6.23183455524201) 
(7.588576398871222,9.323447338522907) (7.5696223880648885,9.346522272784483) (7.550668377258555,9.36959720704606) (7.5317143664522215,9.392672141307635) (7.512760355645888,9.415747075569211) (7.493806344839554,9.438822009830787) (7.474852334033221,9.461896944092363) (7.4547272070796415,9.436570954068923) (7.434891283021531,9.423197397183339) (7.4150553589634205,9.409823840297754) (7.434383918190631,9.438188545939646) 
(6.388461540162597,7.758653806071178) (6.316431540676706,7.729690956277908) (6.244401541190815,7.700728106484639) (6.172371541704924,7.671765256691369) (6.100341542219033,7.6428024068981) (6.0283115427331415,7.61383955710483) (5.9562815432472505,7.584876707311561) (5.884251543761359,7.555913857518291) (5.812221544275468,7.526951007725022) (5.740191544789577,7.497988157931752) (5.668161545303686,7.469025308138483) 
(1.8772254500269514,4.026505133107239) (1.7859014262218746,4.0328050216923685) (1.6945774024167979,4.039104910277498) (1.6032533786117211,4.045404798862627) (1.5119293548066444,4.0517046874477565) (1.4206053310015676,4.058004576032886) (1.3292813071964908,4.064304464618015) (1.237957283391414,4.070604353203144) (1.1466332595863373,4.076904241788274) (1.0553092357812606,4.083204130373403) (0.9639852119761838,4.089504018958532) 
(0.9564270307538136,2.781882785484302) (1.000141711294868,2.873716984783583) (1.0438563918359227,2.965551184082864) (1.0875710723769774,3.057385383382145) (1.131285752918032,3.149219582681426) (1.1750004334590867,3.2410537819807073) (1.2187151140001413,3.3328879812799883) (1.262429794541196,3.4247221805792694) (1.3061444750822506,3.5165563798785504) (1.3498591556233053,3.6083905791778315) (1.39357383616436,3.7002247784771125) 
(0.9195069789279586,5.625135373372888) (1.0109478803245395,5.589297462690079) (1.1023887817211204,5.55345955200727) (1.1938296831177013,5.517621641324461) (1.2852705845142822,5.481783730641652) (1.3767114859108631,5.445945819958843) (1.468152387307444,5.410107909276034) (1.559593288704025,5.374269998593225) (1.6510341901006058,5.338432087910416) (1.7424750914971867,5.302594177227607) (1.8339159928937676,5.266756266544798) 
(9.505079521458487,6.236386715833388) (9.482255126735065,6.252050552900554) (9.459430732011644,6.267714389967721) (9.436606337288222,6.283378227034888) (9.4137819425648,6.299042064102054) (9.390957547841378,6.314705901169221) (9.368133153117956,6.330369738236388) (9.345308758394534,6.346033575303554) (9.322484363671112,6.361697412370721) (9.29965996894769,6.377361249437888) (9.276835574224268,6.393025086505054) 
(8.76816907249944,7.205425998905052) (8.848841722717363,7.173671203490777) (8.929514372935287,7.141916408076502) (9.010187023153211,7.1101616126622265) (9.090859673371135,7.078406817247951) (9.171532323589059,7.046652021833676) (9.252204973806982,7.014897226419401) (9.332877624024906,6.983142431005126) (9.273758932389574,7.11336752438818) (9.243608805401218,7.210025983257768) (9.213458678412861,7.306684442127355) 
(6.253540245419426,3.1761999300350685) (6.164425104621535,3.198467879253621) (6.075309963823644,3.2207358284721734) (5.986194823025753,3.243003777690726) (5.8970796822278615,3.2652717269092784) (5.80796454142997,3.287539676127831) (5.718849400632079,3.3098076253463833) (5.629734259834188,3.3320755745649357) (5.695861977846534,3.383117637746863) (5.717952648558022,3.4259974767378893) (5.7400433192695095,3.468877315728916) 
(7.923137464300329,3.9728214125444374) (7.941405885123218,4.008176014702511) (7.959674305946106,4.0435306168605845) (7.977942726768995,4.078885219018658) (7.996211147591883,4.1142398211767315) (8.014479568414771,4.149594423334805) (8.03274798923766,4.1849490254928785) (8.051016410060548,4.220303627650952) (8.069284830883436,4.2556582298090255) (8.087553251706325,4.291012831967099) (8.105821672529213,4.3263674341251726) 
(7.831560916289546,0.9978747238901786) (7.897133750353587,0.9198302647282558) (7.962706584417627,0.841785805566333) (8.028279418481668,0.7637413464044102) (8.093852252545709,0.6856968872424873) (8.15942508660975,0.6076524280805645) (8.22499792067379,0.5296079689186417) (8.29057075473783,0.45156350975671894) (8.35614358880187,0.3735190505947962) (8.421716422865911,0.2954745914328734) (8.487289256929952,0.21743013227095065) 
(6.1848729877780695,1.8001373057545644) (6.217038235001727,1.7198261168372748) (6.232670688923046,1.6511515926387053) (6.248303142844366,1.5824770684401357) (6.263935596765685,1.5138025442415661) (6.279568050687004,1.4451280200429966) (6.2952005046083235,1.376453495844427) (6.310832958529643,1.3077789716458574) (6.326465412450962,1.2391044474472879) (6.342097866372281,1.1704299232487183) (6.357730320293601,1.1017553990501487) 
