10 10
10 0.1
100
(9.985363438036197,8.342038719285155) (9.973421893497227,8.340098348713) (9.961829009277052,8.351450177290657) (9.97735960671524,8.332334663598203) (9.982137613085301,8.325355168418687) (9.979748323693853,8.318922543692302) (9.984239468357694,8.281002389148918) (9.953156086095337,8.280973665666242) (9.958917611491275,8.272774679273507) (9.94572963416304,8.269613316602774) (9.95649735542098,8.283134387957784) 
(7.811097476254164,6.189683367088441) (7.813182331337491,6.203848107515734) (7.798403734661275,6.180060456055691) (7.812082064776995,6.157217947064887) (7.843450149642608,6.165058303786097) (7.86079868461273,6.1975573719546695) (7.8810588705859645,6.180503210718712) (7.879056729439653,6.184191705823373) (7.914830978363158,6.16319950847958) (7.922443076491662,6.197244863224812) (7.94074109885253,6.204486459560898) 
(2.2703105448737126,2.2626080154988526) (2.2623824462002387,2.27986623532134) (2.289798040836105,2.294704171406531) (2.2690728229730204,2.292816115782136) (2.297886383844335,2.2774794020806572) (2.280958577187085,2.2764995987197554) (2.298264347251843,2.2660284310927734) (2.301295579010391,2.2469158665264835) (2.297863690529734,2.2573648318763087) (2.2875303425499114,2.245380959972532) (2.2646615709372075,2.219070640767354) 
(3.98974643298366,8.68156099731942) (3.9627342289721303,8.712641087092413) (3.9546167095001277,8.681873262729187) (3.9573414662216453,8.651127935500599) (3.960015937735269,8.666969506564104) (3.972567550005392,8.669238728319938) (3.965403188328283,8.659638931505661) (3.962608979723935,8.67559508137557) (3.960802367698816,8.655302194861672) (3.9553762762289546,8.648795138452595) (3.985991331267829,8.646641059223386) 
(7.368316762107366,0.10695945865070278) (7.355536480176921,0.10807948436353891) (7.357852257388954,0.12145096383634933) (7.345741523854225,0.13237600488690224) (7.380115804778377,0.1181756901272895) (7.378733148893397,0.11888909677783496) (7.3879463781613754,0.14877636298788777) (7.388337161106959,0.17348418137602853) (7.3795189710896265,0.14345031453832657) (7.345683983326281,0.13008891719168045) (7.353369243126628,0.15182982184507865) 
(5.982682983561233,6.653790817536411) (6.011539622536064,6.678441321772025) (6.004162841737745,6.66644227923084) (6.022814967620273,6.691279807190176) (6.039500640896711,6.679615537411867) (6.004768960585197,6.656191174524473) (6.0283327677736995,6.645567554585872) (6.053315830992655,6.651915028966411) (6.04957367772368,6.650114221791473) (6.035405884887803,6.640534480870135) (6.051504091950335,6.627594680615407) 
(8.667057715953222,2.6520600730969965) (8.646415211459386,2.6647526040380987) (8.628612972418656,2.6602363247557066) (8.622587016470373,2.6598301048247803) (8.64946306796558,2.6778631536152555) (8.65739598226904,2.6831593525560247) (8.630488349557742,2.692001337242881) (8.598604061728208,2.7132191260015777) (8.598612676575678,2.6987691336705257) (8.578165919061652,2.6925043621070754) (8.584820966557722,2.7044431459847162) 
(4.544391086770533,2.2594352492734524) (4.532179046650624,2.264765916508538) (4.52444137352477,2.2677352044577788) (4.494884086855958,2.279662015656835) (4.4803464867082585,2.323750517180575) (4.494293666482689,2.2915945375764357) (4.4729398008492085,2.3096529755152826) (4.4709032117834555,2.306184307452675) (4.452003113244396,2.2928992465387554) (4.441145199621201,2.308831465471869) (4.473757542835066,2.303616191265506) 
(2.0538232677293164,0.29180256690374384) (2.07820070455126,0.2883888008955269) (2.047484832072783,0.2946439390495214) (2.056844477133236,0.32700603275800644) (2.0511127213932,0.32471332053618723) (2.011765767670265,0.30725417926525345) (2.023166146700753,0.3041555967951308) (2.0330166821904334,0.3044844957445084) (2.0031690075581396,0.3334945134077935) (2.0322124336928855,0.3017974561643332) (1.9916424594871769,0.3036470438634668) 
(4.8022499963879,4.454670932758082) (4.821307744624924,4.449637842969162) (4.819393152984125,4.464508475892636) (4.797593824246109,4.477689606936066) (4.81385523860767,4.480648937067435) (4.839572681165157,4.463371218907522) (4.8212864195277305,4.442056580636304) (4.84088447096588,4.442573860799643) (4.836732119677222,4.427897786148537) (4.822123368251051,4.40514281949438) (4.85701318898121,4.403829832894803) 
(2.9291721802929116,9.711565532793212) (2.9296879766887405,9.711388367843227) (2.9383936567966247,9.685131942926763) (2.944267213186177,9.70170859074324) (2.957285521337929,9.718277561155888) (3.0083623725469044,9.756504408002845) (2.9876431024594647,9.734291166946118) (2.9853147151543267,9.706727685817418) (2.99465227739367,9.73624947390753) (3.0110863484660553,9.716678754177343) (3.0256244496132285,9.664157596688723) 
(6.249764945008654,6.577801716977591) (6.225670771579274,6.5629649791657565) (6.211539746886228,6.550753769290217) (6.220218051216788,6.543271743886244) (6.24093066768855,6.54323380088641) (6.238481850054,6.5462389858587295) (6.225718859256977,6.5394805240274945) (6.229913987455712,6.540257355692111) (6.227588673236715,6.530805279247173) (6.227379715257916,6.51009353611768) (6.205058274415004,6.526124510549933) 
(6.8908259214296,3.577122979196239) (6.882314923002304,3.6018016426574984) (6.843372778183133,3.582658281532757) (6.809223669872903,3.5608579396859406) (6.837096804491829,3.5635064772417455) (6.842140835697518,3.5739520508536873) (6.833974141268438,3.564823405605673) (6.8360674236896,3.5449818314940393) (6.844079511548785,3.5480153379694155) (6.83628098782936,3.546446188798709) (6.864650717788978,3.568852419287073) 
(7.150686411932527,6.782010415175877) (7.170210111202208,6.786929231361027) (7.151557133554829,6.8050267023217765) (7.147133189468133,6.789793209888758) (7.1574164845303585,6.7972889346392895) (7.151913339405142,6.783775859876576) (7.147790917284106,6.765511312722654) (7.148769422697995,6.774276301120101) (7.1540432369722895,6.774842054976068) (7.14845743651807,6.756754346360551) (7.122419354480386,6.756799517342134) 
(7.012599648327324,5.938471117631887) (7.035032046518394,5.925168738237715) (7.032253703722895,5.962051519603507) (7.038333322444619,5.9785414157976) (7.032179691802055,5.981525927160766) (7.021282296664402,6.008248133788513) (7.026320886015496,5.987526897146546) (7.026918228362929,5.995145270241702) (6.988775161951306,5.996519477050159) (7.041596927181118,6.0337948063968145) (7.0437697384847064,6.057545405165033) 
(9.151708320712263,6.588224964403967) (9.142884843373267,6.583574693080231) (9.138656952700599,6.584533092650148) (9.162824756362435,6.597287660685904) (9.167739959690659,6.562946084355524) (9.193553991848178,6.550092728610337) (9.209568017624006,6.546345946995741) (9.233689493630798,6.519127173786748) (9.236228267108093,6.527914974121704) (9.229239214196578,6.517038267008724) (9.24267798189747,6.531436708258867) 
(9.410610589780093,0.7903354742212076) (9.42103979976656,0.7997476044182746) (9.435148128177145,0.8146267413783101) (9.436491250321609,0.7708766216481565) (9.43408030153243,0.7649443481689757) (9.453238015438886,0.7794264925624356) (9.498027921664393,0.7419266630999604) (9.480794611683237,0.7283794375412347) (9.500425536384501,0.7200011854462929) (9.52381375778451,0.7108131151041299) (9.53852980161206,0.70167807210865) 
(0.6226089533714718,8.127743229260064) (0.6082717000225437,8.136762243421751) (0.6379601792305749,8.09654372746368) (0.6371130194058418,8.096746245032953) (0.6516108008784104,8.060405912964548) (0.677193996009138,7.999737088483355) (0.6904739047901797,8.008023848798604) (0.7081621238870713,7.9894003164522625) (0.7161718903341838,8.011798756569766) (0.7126749490385031,8.026505819641686) (0.7334338719335728,8.010286965199043) 
(9.74660944078572,6.256311007492753) (9.803855460636425,6.252806008164402) (9.789402487589294,6.2609998858031295) (9.763115598717246,6.2813235519141) (9.784181247248023,6.319457592161228) (9.821129197469768,6.278981596491368) (9.826856615126397,6.2809294640550775) (9.810528011071366,6.276040228882941) (9.82680018852705,6.2571073872152) (9.809205036025668,6.234717992175344) (9.812346821282794,6.219757569316605) 
(8.875528014542212,1.9838599830956416) (8.883740079633387,1.9644276351696137) (8.89205817710214,1.9593775741178199) (8.89681895013753,1.9349918615975124) (8.903326134021398,1.9142189840280255) (8.893362692397806,1.902448626505979) (8.892877904055435,1.9339363698418492) (8.863825523010693,1.901616407339437) (8.87026290416257,1.917168373988212) (8.905536853707906,1.896341840985034) (8.943072506001826,1.9277438769485125) 
(4.202709859399588,9.028960538540506) (4.187323171370275,9.008463399251244) (4.175540195629108,9.001716287685054) (4.175850818924379,9.01378036134137) (4.156159261101783,9.000175707679611) (4.153347811314044,9.01855370798322) (4.162798198834518,9.04030100652369) (4.179424332117218,9.05968306763273) (4.160477171042862,9.048989236892798) (4.150391243844091,9.060427083345846) (4.138384392217588,9.051860669104112) 
(6.147597202243771,8.141401866809936) (6.156303091042042,8.165712150343602) (6.172491582792849,8.152027526704245) (6.153122970894283,8.175096877472) (6.134429802333389,8.203918981267828) (6.134005352669454,8.233778922855208) (6.11210098330284,8.240304059196113) (6.113318461513979,8.245255313954962) (6.068399099334949,8.273058900497645) (6.062644743079391,8.2533889369443) (6.095941000785242,8.268163168862234) 
(8.714214254521181,7.3167601590192755) (8.714535827036297,7.304033274992706) (8.759026022949596,7.302150557271627) (8.751128413472212,7.307935304584676) (8.739332606597904,7.3207307104851855) (8.743497110741071,7.325635677831192) (8.749368505297598,7.365580250357139) (8.761259714300706,7.376166718318857) (8.795625419132461,7.339749405093021) (8.787619534487975,7.35010914112748) (8.797816486053973,7.34973609676964) 
(2.3765170876947552,7.886112053294013) (2.3560831154344766,7.879219625437677) (2.351754781167581,7.890091331634519) (2.322673196097301,7.885062624548317) (2.314466898823211,7.867452783743147) (2.3268468110415896,7.854395929786414) (2.3436460513614947,7.842163029996434) (2.350103692075745,7.8663911994420666) (2.367642167270546,7.893307478255013) (2.397939840958127,7.902700034679264) (2.3723497041922945,7.883518335401078) 
(1.0893525956652184,7.537851976630407) (1.094250566028971,7.547150259295811) (1.0979348827911133,7.582551860854498) (1.1003012279122177,7.5767998661712905) (1.0960054070085496,7.5699616184337275) (1.1177924577043485,7.516895694033601) (1.1276104473662163,7.512654703410137) (1.106628856244997,7.536105946957746) (1.1486842940926112,7.527523355475866) (1.1727623100936027,7.550308104246947) (1.165903830288991,7.565088877549359) 
(6.428964064879967,6.230579084120295) (6.413316768268201,6.21672861638146) (6.412023939955826,6.198336875997009) (6.382805516591369,6.204381381007312) (6.376953591526922,6.191613380896547) (6.411492495136537,6.163412109621385) (6.419626354753943,6.1616248011665125) (6.418443528384679,6.147564477998629) (6.402773807378103,6.158105858647358) (6.3645018211284565,6.158981322783402) (6.371706571960984,6.180500946906099) 
(2.156660090128325,8.464193177421906) (2.1458884822946236,8.5211526478645) (2.1695137322604565,8.528828111683787) (2.1556502630142425,8.497913856038421) (2.1357698148221007,8.48242621382233) (2.1239657022216596,8.485363109403378) (2.135817461403239,8.44873321089256) (2.149895027563765,8.487296504337223) (2.1542035999199864,8.476860344195709) (2.1611506577076955,8.514070334178198) (2.1402272422479434,8.530402910474967) 
(3.136979286660212,6.590461596438897) (3.1355639263196444,6.567465751369171) (3.154339795836605,6.575672738337542) (3.1690287557528074,6.602697103195054) (3.1667611587911475,6.594015282005089) (3.142504760294474,6.596295917117805) (3.137791949996738,6.591652650380191) (3.139575380367796,6.573564516409033) (3.15973472550891,6.602008715849659) (3.1673280149117913,6.587043017174712) (3.192000987352262,6.6018892075697115) 
(8.739665714596889,7.8928066926734886) (8.722931150199615,7.905580996141026) (8.707894062770059,7.9118993635558335) (8.685140260690195,7.889912168376057) (8.703386308660969,7.884945907973971) (8.68990594924157,7.861192732913435) (8.682305492659006,7.896267636107966) (8.676135597272333,7.918475655944994) (8.705622388712175,7.932898457557684) (8.69156047155133,7.911238737393844) (8.720757187931975,7.915017825606416) 
(5.379971867071816,8.619387825582459) (5.394812637647,8.588106109114115) (5.386143598503069,8.546505821214419) (5.37566904404113,8.544923893166583) (5.401224383248745,8.54549073436882) (5.396585089972205,8.546488304714616) (5.377281647144455,8.542123002210365) (5.360065451899589,8.536962067243183) (5.357929023369426,8.530664746760342) (5.3602974760427955,8.552072851046317) (5.380570846441091,8.585193295152306) 
(5.029298377252341,4.409498685193094) (5.028115976290178,4.408491142642627) (4.999263576554651,4.400729386168047) (5.029032942579176,4.4011883190040555) (5.045493497763807,4.408744340359075) (5.072341623098639,4.3897814828955575) (5.078876715492003,4.357159257414663) (5.093249350785835,4.386748221730102) (5.1213854824201075,4.3939738669793895) (5.135741824096831,4.409322436716602) (5.121145571634314,4.381051837412248) 
(8.133442347032636,7.267293853821957) (8.117756641673111,7.27411641800511) (8.115562834875377,7.276042672846712) (8.091428406815632,7.294725991212311) (8.09157895291728,7.280371221787537) (8.104091361714627,7.285365292783864) (8.113996295731008,7.27350915353556) (8.115698080050993,7.336079824832416) (8.147032621567964,7.296512594536863) (8.16565235673731,7.316640994687336) (8.15348155934434,7.33785046124841) 
(8.766160679657931,3.9326224234087914) (8.768820033921754,3.9201017399702627) (8.79343946897868,3.8929444691176456) (8.79650022058164,3.8860150498240884) (8.80474313676568,3.867928182504735) (8.808725016441295,3.8790824670339457) (8.781699384808473,3.892183208102277) (8.78604031993817,3.885014864012686) (8.778277396859592,3.8482598669685752) (8.796501686122554,3.857349716189449) (8.818248687128255,3.85364612314129) 
(3.3536322446819677,8.502249360627737) (3.3699449856365256,8.490754508162023) (3.3693053760039615,8.48730198011171) (3.3727251006063317,8.504754802956253) (3.349889555876807,8.530414688081366) (3.387134536623262,8.513100000807725) (3.396988888419686,8.570913037462075) (3.3738828777216323,8.545219867942546) (3.3612085607916917,8.571365273012729) (3.3764520421819513,8.60642839532203) (3.363330190011301,8.612565540466242) 
(9.547106282220911,8.097295036309022) (9.55190603911723,8.092410842443932) (9.553488518382341,8.07726086348172) (9.509817809503996,8.09960435033442) (9.490055310931936,8.078745294013059) (9.492972730863782,8.118912429454074) (9.509425026957567,8.083132158314402) (9.530415497978383,8.089312989647292) (9.531435078712946,8.112241650782524) (9.540418467335416,8.134083912996893) (9.559432090529805,8.12538718464907) 
(3.311297483930903,2.3773764171630996) (3.3318237546804372,2.3482164884810905) (3.323329688795079,2.3370240030478233) (3.3177518318631645,2.361816644893739) (3.342771213330284,2.396314420841843) (3.3099771257969612,2.391200007884069) (3.3190129359277525,2.382028453554388) (3.322531378947354,2.396711502039415) (3.2882566117115735,2.402195618262689) (3.2876470536342848,2.3625746812067727) (3.2757462608011347,2.352525144861545) 
(8.38128145320135,3.258678535368232) (8.374957739410334,3.26110596613445) (8.394893909008937,3.261686851866099) (8.383666465329451,3.242411423769204) (8.387896176901263,3.2725900092202016) (8.393836474581748,3.265948573588323) (8.424638049311548,3.2691394981161586) (8.442695854450383,3.2648478488592354) (8.42392445725374,3.2751780870633347) (8.439041197940542,3.2821712406114214) (8.438811161697828,3.27244842077878) 
(4.218150389644379,2.0365161433769674) (4.229093814879385,2.0580918020644585) (4.211208159295991,2.0751837264806072) (4.20798058778535,2.0542723641164202) (4.221393595915573,2.0983274434771895) (4.224939977284386,2.0982060550476858) (4.2119394526537,2.103831744262265) (4.234140048492816,2.124316737841728) (4.218580628005246,2.1118258806876415) (4.195273470155351,2.099225803294762) (4.200383556266524,2.1202635415837885) 
(7.163879829316836,4.282900863823222) (7.13780853242973,4.260395133908085) (7.1209577319120845,4.234531916012005) (7.117064806727469,4.196401286451675) (7.13145634017307,4.22356402741887) (7.1653844438607655,4.219867788313931) (7.151563118644388,4.2200379383070885) (7.18080040796054,4.195092333379275) (7.162109311898045,4.19556667050075) (7.135066487598212,4.193783436477532) (7.145824126192621,4.196902266180313) 
(4.481265899838018,8.626016775578638) (4.510382977046361,8.634061447113432) (4.4962314708624795,8.635398110402846) (4.468826604410913,8.676353231934215) (4.4460105094043,8.666601400317017) (4.451344462055924,8.682624271484885) (4.468169946224829,8.657858720034007) (4.452933856074244,8.651365628369044) (4.464925594629338,8.63715447194703) (4.443014105000831,8.634918066203243) (4.4554403284035065,8.621934485877226) 
(3.0137283433574877,3.0064274344254107) (3.00374940069301,3.001581910062442) (3.000402916899854,2.9750342116748962) (3.0030255325329196,2.986972179248287) (2.991518354882811,2.989252174994947) (2.9888067770135884,3.0055443453772264) (2.9530804834552016,3.0139548183783207) (2.949552642812368,3.0313907944256138) (2.954836392524673,3.0258541685839115) (2.9591356445214028,3.0041874215131035) (2.984504384399657,3.014155924928305) 
(0.5535892378508056,4.258344670898715) (0.5715948844055496,4.246523395787778) (0.5858278537008832,4.261324751071802) (0.5896232539078211,4.2520376797944435) (0.5924514069571847,4.284372968951724) (0.5896411635084706,4.302109934031869) (0.5929223052989321,4.291252516099922) (0.5930852983510136,4.270527421647428) (0.5557595834761999,4.276243049019711) (0.5619985324331966,4.277737564704221) (0.54359441815573,4.303924832556917) 
(0.6468118855398042,3.7734766866852922) (0.6481941866333726,3.7916543474419058) (0.6509348337231612,3.799368713414608) (0.6494727730030269,3.8183626185335835) (0.6468208252740604,3.81859407018161) (0.6690136964812655,3.8603314359278356) (0.6741557152812904,3.891235078626045) (0.6821897170164476,3.8993407658956416) (0.66144940645752,3.912260649819945) (0.6823848169110663,3.912173271217523) (0.7204172836838484,3.9292911910554134) 
(9.940494033070822,5.657463742960504) (9.950042520342393,5.677014991042018) (9.970642153208175,5.661439603077796) (9.966806781030575,5.663042294388745) (9.942184261822566,5.639206026262385) (9.91454338848827,5.632898235582887) (9.900790425827408,5.649993006793755) (9.875624703042025,5.655608011187706) (9.893447894286217,5.6853887968805426) (9.883393976895984,5.691287321820825) (9.88463543835992,5.676116934697246) 
(1.8528921890786398,5.458774743012727) (1.8345819487218662,5.443355633095903) (1.8285420151120382,5.426347970178365) (1.8677293831464714,5.392638156467289) (1.8712478675219515,5.39050652488155) (1.8259970903298564,5.3723831023998425) (1.8193279455712315,5.328981917801874) (1.7814497353823264,5.331187374094483) (1.7646487830605249,5.355869570128339) (1.7814136121121473,5.367114073592179) (1.768510981209125,5.369828657244012) 
(6.184314094861058,9.18056596396024) (6.192691810771737,9.170070854003516) (6.197712935487698,9.175107316940048) (6.209642030706386,9.179390878251995) (6.228192715281671,9.179160432049905) (6.192087923357483,9.204634680274673) (6.1969730675591,9.18420298134446) (6.185262716768289,9.189890093717771) (6.194954460924981,9.172862570822168) (6.207355176512518,9.1678949113808) (6.20934386215685,9.16220043253286) 
(5.742030002086268,2.6003393884773294) (5.740912260778004,2.6227032329812716) (5.772647133967652,2.612782056110964) (5.782966521610989,2.622962518490416) (5.74365697044344,2.639613795860297) (5.744351266459936,2.6498082910580942) (5.7259670316778415,2.6610115450831384) (5.694441138837813,2.6772339508182657) (5.687867951748023,2.674659235796643) (5.689622822249878,2.6788161527064234) (5.689307401369188,2.6624170344663276) 
(5.592907501820972,0.9978581585916202) (5.586556352825286,1.0085969103347554) (5.613004870784637,1.0226039138255507) (5.612800178096616,1.0461771138096363) (5.622054196747756,1.0413141904081704) (5.601853988085404,1.0353684402447607) (5.606249915367275,1.0030646773900176) (5.600354555198473,1.017259117011514) (5.596119470424873,1.018992360875486) (5.6077885572628015,1.026266177195398) (5.634868422484117,1.006223030831628) 
(2.4194078441224507,9.15082988277353) (2.4289902477770062,9.173733306532807) (2.438004242114463,9.152105215589774) (2.4363258378389774,9.13839095737744) (2.4497719486297544,9.106398178298441) (2.4611934830612494,9.115385401047737) (2.4640983308995703,9.084276212549456) (2.444246550427456,9.061675418716865) (2.4576662662745616,9.063854878336505) (2.418468322026839,9.048533075918906) (2.4150120283959837,9.03847528865214) 
(8.813613384806528,4.7500740682354134) (8.823210688814696,4.753136515459477) (8.838163004137952,4.743956932440549) (8.82363273428471,4.750189637937799) (8.832660538431242,4.746760281055997) (8.819836545897136,4.759248513101427) (8.838549498433443,4.706268964057425) (8.85011196352974,4.725535833504069) (8.843920635475813,4.7176824630061045) (8.820503535267681,4.758880058507015) (8.85693779980482,4.794996458437375) 
(3.873906471332884,9.745251869951707) (3.879706009694126,9.728630246366947) (3.892783329013486,9.731297246429769) (3.8998525191574984,9.71610542273722) (3.91093649518568,9.719796142441904) (3.868449378491206,9.706381854445699) (3.8612553899331115,9.710592516549976) (3.8441575215755672,9.68502720457338) (3.8847927652294816,9.682377369212825) (3.8766360443638948,9.68646012571743) (3.8689606101014506,9.676060589783328) 
(3.305357587857274,6.410816529742882) (3.3083446201532065,6.381991443690489) (3.296151313773759,6.382986659405165) (3.3019155165403853,6.345616782421013) (3.2999557722850295,6.339642163127939) (3.3095417571490136,6.344630130750564) (3.332144490696673,6.383667993351766) (3.318898462907783,6.37221868850134) (3.315998942317106,6.365667697166483) (3.2882692753824085,6.402652182605647) (3.2956899701869147,6.384545132489165) 
(9.239872419957365,0.15721641875291348) (9.258994377028841,0.15210027284108016) (9.284097245757582,0.13804049693145326) (9.284917359057605,0.1172104243467541) (9.320258089474711,0.10192269240212443) (9.343758541577104,0.09490919513168443) (9.354657096476037,0.07524865277024234) (9.338832845568316,0.06223713582551224) (9.38405161622538,0.06383752912151354) (9.377155729460172,0.07834485008310538) (9.38903373782619,0.08391379642639074) 
(2.196640205932958,0.10283790492209732) (2.1838963502808024,0.140093115772212) (2.1955897376312667,0.11397701302975352) (2.1942719421786285,0.10303480223369471) (2.2133047012966545,0.08227100477757174) (2.1664825456386434,0.09181029476157732) (2.1729198751579504,0.12249971956848951) (2.157889688554182,0.08381421209574788) (2.1779655414478505,0.11808228653096353) (2.176303800667228,0.12134564524571925) (2.187987767155052,0.15070773134784599) 
(7.680379904712801,3.577598171965125) (7.687826914626977,3.595362926445365) (7.636664866162583,3.585039964315305) (7.6347236438496395,3.554920342877395) (7.620740273853417,3.565949955194386) (7.619508389150879,3.5235992011546617) (7.625511992465257,3.512883244870832) (7.624220505294346,3.4771280885373668) (7.5951587788133885,3.5157818831201406) (7.571719791602908,3.500213620286134) (7.591993754883339,3.50623818874042) 
(6.943990175337108,4.265094760670869) (6.953016727491821,4.223299111839305) (6.9960989495485375,4.234668156705989) (6.98641330786581,4.25028036927701) (6.975304739351599,4.276859019720822) (6.986467778567397,4.262284130312841) (6.965100756825646,4.240968439866222) (6.9639505853323636,4.234463551193857) (6.950129709513239,4.231028599716242) (6.9738622076298595,4.224422912415209) (6.9931683831051945,4.226652808595364) 
(7.2473776537087815,7.335390405112796) (7.253585049829552,7.353296103930418) (7.237871066030849,7.345050318091446) (7.230867648144118,7.3454749118436435) (7.194976021827422,7.32924837818376) (7.160644543416109,7.334559072494234) (7.188792669927163,7.313307786121663) (7.215956467765782,7.294965329272639) (7.209370937933125,7.296097557767093) (7.226196911770499,7.291700722547121) (7.235132057931234,7.2823034409702725) 
(4.067293601852086,0.6435986592765974) (4.068187135159952,0.6164105087429663) (4.040599859297578,0.6108438491413244) (4.042694530105155,0.6033960395213874) (4.0569502059350135,0.647526990573992) (4.059652729100333,0.642583835763352) (4.025493163239212,0.6261719412363865) (4.031581123469284,0.6363421314957383) (4.025219648660226,0.6403218584662588) (4.0270473366079464,0.6897401219012022) (3.9986941080472373,0.6684595692171192) 
(3.546202564430958,6.722664294523507) (3.52465674536037,6.73507306361623) (3.5293963507082498,6.711245088457656) (3.523961226490713,6.714532979637962) (3.549249929942854,6.710156500497272) (3.5316067980220534,6.737574819313216) (3.5136092806996038,6.733938780878926) (3.54113954620936,6.733645567949444) (3.540659533859104,6.781498813238365) (3.55470120451278,6.807965119367332) (3.5682815683377864,6.826194616757644) 
(4.701795922013479,0.5468640697267957) (4.68698718745434,0.579982978305122) (4.657957111640339,0.5622005581780912) (4.669885832948585,0.5681477292694541) (4.672821868071288,0.5637103831543241) (4.687813080647446,0.5446937380617561) (4.689939681367302,0.5312459242830281) (4.701935116586778,0.5781984263491134) (4.678272447170449,0.5783716486854906) (4.68269200612239,0.587414120299728) (4.6914273474558,0.565285450633011) 
(6.205511765922877,6.93395408253891) (6.234846069320592,6.938569206405381) (6.254144801088888,6.9554584892202165) (6.255276241492328,6.933529675121313) (6.2354845814010265,6.922882132174435) (6.282812699648059,6.936505232451725) (6.29028444359631,6.920058320588717) (6.297274765931393,6.928401829189527) (6.280703058210774,6.941384143947411) (6.256406730369374,6.913583466250968) (6.253827969787734,6.946476817799437) 
(9.196099536333811,4.773330988962597) (9.176260834550341,4.7592428618177) (9.165485346810037,4.762077719603994) (9.162694403097417,4.718115625266507) (9.168408863449194,4.733295048612156) (9.143811290185432,4.746913726290178) (9.126078576856461,4.735628412013209) (9.132253762925169,4.741256647667274) (9.14586236689907,4.747171600765292) (9.164183481123661,4.720787407104513) (9.183355069349503,4.695139227412589) 
(3.399038630561985,0.09307611652369929) (3.401598836936089,0.127571569101311) (3.415150412219678,0.15199936426514193) (3.419525056578521,0.1387677310897185) (3.3758541709975423,0.14439273090089952) (3.3505630346477067,0.14478017704133989) (3.3184523668834,0.14992143398915989) (3.3067732480717336,0.1299039224316621) (3.328028422890628,0.10461430645705995) (3.3039842183869452,0.1242458787614642) (3.2758275944176076,0.14681793216787353) 
(5.878540118354958,0.854389848811824) (5.852763106368538,0.8546984251358201) (5.843739915172204,0.8639152739314271) (5.831537160758313,0.8592301878981228) (5.854073711422386,0.8751609524991109) (5.893170305347082,0.8959392148356652) (5.898487579665576,0.9032416278966932) (5.905821038641885,0.9361657456513444) (5.891083498597757,0.9594770211400117) (5.9174128033691735,0.9471322303161128) (5.93470686412262,0.9648861758964256) 
(4.348872709113852,3.7485544484725555) (4.33870364086773,3.761935725511842) (4.337128351266144,3.753950877393856) (4.306025325319352,3.7332070638980035) (4.3169931524987994,3.7200776217166154) (4.303829690011168,3.717787830734903) (4.307166786667523,3.703199235591649) (4.296365973777538,3.6888996547750876) (4.333754083102584,3.688398831511236) (4.346860215855345,3.6938862673925343) (4.332877820557212,3.70455927480313) 
(1.2001808759722687,0.32415186110162364) (1.2129504966663538,0.3024914320359526) (1.211662197281245,0.313316209476172) (1.2041278145414747,0.3157556035904091) (1.2081928264220592,0.342503021586914) (1.2033178390482706,0.38416985092407047) (1.1853586217212315,0.359857748599659) (1.1959159448618324,0.36506296064081517) (1.161272899617267,0.3308523074272687) (1.1443248358548328,0.30613929698513065) (1.162695864715452,0.31603534745225986) 
(0.0340128388542571,1.8580765777701125) (0.01787442615513068,1.8845634207729423) (0.009553951327280935,1.8778509545259123) (0.008383332951948258,1.8851466648159279) (0.02004665709771579,1.921180862304167) (0.008696799908020263,1.8957792688393686) (0.018769408471890986,1.9047471437232226) (0.006512753725109229,1.9310423537485057) (0.05246503668731037,1.9460046389739951) (0.04552384391054429,1.9840769873643662) (0.051790832817462336,1.9979916404604652) 
(7.972076754136145,2.0035963190833095) (7.963131699212109,1.990054410154205) (7.909812156604428,1.9901726251847598) (7.923204343473861,1.978401097649598) (7.900450209563181,1.9691655422242855) (7.903387225814053,2.007566246937934) (7.92199705192918,2.0066243412541858) (7.911180307420401,2.0249986210525415) (7.930969449522474,2.049278213011025) (7.938869692901602,2.006845802549156) (7.9651417402626175,2.0116696084628525) 
(6.82960018545142,3.7301376954194785) (6.803029735987878,3.7446597442308276) (6.800126726635501,3.74301433054404) (6.819454346858437,3.727337147136736) (6.851062924734816,3.7250139227772534) (6.837713850535783,3.7247271745243875) (6.8356912429503875,3.728569163029366) (6.831790302638305,3.7267846497764463) (6.821130206320869,3.72813716637246) (6.7964482298849855,3.737836068606504) (6.805760861729905,3.7323971248662793) 
(4.999104961560228,9.125178378784417) (5.012186931984145,9.143653949562143) (5.018110286184578,9.162918237826247) (5.046793048990177,9.158734056479076) (5.05193629197673,9.182783576232566) (5.031972350820308,9.158002804841706) (5.023341846737053,9.145096998785748) (5.013326532265871,9.131579380473964) (5.061455173865466,9.151521488959235) (5.035154984177109,9.15068704812171) (5.052131523224038,9.126491730418605) 
(1.4644521525482845,2.848244770087608) (1.4703952720009321,2.798244455576705) (1.4634597390081625,2.7843905386209666) (1.458176172018484,2.7935907235702464) (1.4454172894467594,2.777351629292619) (1.429458931649462,2.806514903977267) (1.4271560095149791,2.8084810473984736) (1.4333400374004857,2.830814751192059) (1.461727701518552,2.83638575072887) (1.4829622498119361,2.850960211699354) (1.4831451370885107,2.828760490400233) 
(9.27341676115361,7.782488315721548) (9.266008224546123,7.789666894096159) (9.250098851594315,7.761960605505056) (9.250435147370963,7.750068080672217) (9.268567123186367,7.752244500921887) (9.248452787782412,7.737368060168421) (9.284608763807046,7.749076502350864) (9.269013449579948,7.7540320465552) (9.26771386895351,7.740867989393973) (9.25890447195516,7.717645177081698) (9.273458564428825,7.721650081366494) 
(7.301839285269382,0.3143129073723572) (7.280379246666615,0.2855266440096167) (7.281689666479477,0.2640003093807458) (7.271726826176339,0.24018068130625508) (7.2393100124748875,0.2498283323575485) (7.274930225428449,0.26030443366674116) (7.266062421014462,0.2730497498115305) (7.251766399250469,0.23821770011424803) (7.263742216537419,0.23800249637057805) (7.249181763997827,0.23394531857397152) (7.2680527938068336,0.2373666477904926) 
(1.8843815140619047,8.04552091727303) (1.8980321610833633,8.013387291733082) (1.915509288829114,8.02137278032696) (1.8969785325172572,8.029959040410606) (1.906217489707824,8.02372809630894) (1.8724616164702685,8.026345307189093) (1.8819510880597132,8.019894390609016) (1.8487414972077671,8.0265069372587) (1.8386612577191177,8.033517016737765) (1.8178071575683195,8.020541649193053) (1.8163845707795971,8.047763182384445) 
(7.781862605088844,0.546065973833304) (7.795307468689707,0.5767083443241787) (7.793255118103743,0.5851297243541566) (7.797833100442345,0.6152967360000603) (7.80683104350546,0.628821305242457) (7.805351408090371,0.6317700704096367) (7.822431664215244,0.6491654621783587) (7.797513828707784,0.6452443092842381) (7.759260156511347,0.6373815582136084) (7.799126682324281,0.6600030342408442) (7.797112916800817,0.6811584858902504) 
(8.974044263402467,6.569354004344934) (8.983737449024787,6.568739625357219) (8.97878083717984,6.541045368895939) (8.972583455294602,6.552610941164006) (8.970517750903994,6.5548532046467765) (8.977232489734718,6.559949476776092) (9.003455475538695,6.62745216174843) (9.008038146616794,6.633786841719927) (9.004918825508978,6.653223756817899) (8.993890020420338,6.63279934071518) (9.00501681342495,6.6644381895204) 
(7.113695677240594,4.548559240211969) (7.141621216707365,4.5626758378180705) (7.138080140039604,4.581905139758814) (7.129812199536009,4.579892830014568) (7.13733518622322,4.57295958571711) (7.095698395670983,4.554655575046653) (7.063715877915948,4.5731702353202515) (7.062255852535133,4.615966618111841) (7.029659672611983,4.636769411802808) (7.051320322841787,4.6274396287763935) (7.035096406205095,4.627963189693383) 
(5.505905505460664,8.77362110208604) (5.481953634983022,8.805444035470437) (5.483657833493935,8.813838287401666) (5.466682363462304,8.86262191507246) (5.497110702326196,8.862181913662031) (5.4888513171782325,8.894691071044504) (5.494590518483144,8.874551542072956) (5.492326488939517,8.892377712795819) (5.497004148755096,8.898040274376271) (5.500028028955997,8.871243767972228) (5.528387482218207,8.835598535679134) 
(8.951072506652814,8.478453710774994) (8.968846511646808,8.4585624975427) (8.94964220813833,8.46112965705055) (8.988915454423095,8.462983947648734) (8.992761109127017,8.412754264370946) (9.002769303791506,8.422046260142542) (8.998678113710143,8.41222419508935) (8.965264906555538,8.385091654445125) (8.960637780024651,8.389224843721502) (8.950171034160807,8.369925048454933) (8.91361244490444,8.385812768513148) 
(1.2924752119041327,8.18600103663893) (1.3130922123697046,8.151180235867027) (1.3278363087423042,8.148072702793986) (1.3528169988892544,8.143038104158132) (1.345645587982962,8.166787198643492) (1.3971188573120927,8.152349464402697) (1.432179782959258,8.153979003315447) (1.4182820519660182,8.162932835217664) (1.4343035849058356,8.151054516257062) (1.4285995499343327,8.127966917983922) (1.4167664224441112,8.12024560814342) 
(5.177397246626565,4.667597999050215) (5.170435590841596,4.717984163099903) (5.15568420976975,4.725497160527423) (5.145888284142268,4.726884745778191) (5.125101520240035,4.743369916183041) (5.10708304910702,4.754479860837027) (5.13163326935519,4.765314373433821) (5.123242040757814,4.756733102992533) (5.136089262796896,4.766678352741993) (5.18478377802076,4.762153556649709) (5.200197564478094,4.720783565349396) 
(5.745488409740409,5.625034419546909) (5.7612375039822235,5.636852528540068) (5.771154156667296,5.628779860398742) (5.795985243721077,5.623458900153387) (5.794696743620493,5.646212140836436) (5.754336773585874,5.607488725999102) (5.7369425028487955,5.620840537878925) (5.770824007917088,5.6174164747440525) (5.761826566084248,5.624367198910461) (5.798124825276167,5.626834280462023) (5.822606981752663,5.6465430152915514) 
(8.312316837721506,8.8027592543235) (8.348366954510542,8.814414614375524) (8.361926618960501,8.80750316480416) (8.409348980671394,8.820744759247932) (8.4275361251791,8.82292151776083) (8.418220812428485,8.868131242066916) (8.42801399793137,8.858287453033837) (8.455531650728323,8.841673570390192) (8.450964387386454,8.85231839477843) (8.399446883386648,8.8470730416481) (8.373716656236942,8.834269802092088) 
(5.419585971782137,8.121469615509403) (5.4289130065867734,8.122090035467677) (5.440633482402217,8.12727559295887) (5.406962610498454,8.129070831945668) (5.402641951887032,8.132900838957488) (5.423090031155048,8.12199294890929) (5.465700731952415,8.107479554732032) (5.431787910532601,8.072966369717838) (5.4329441198995605,8.074231941714123) (5.4533746214708065,8.079213017262157) (5.4614479112942504,8.077648295163252) 
(7.792977535156619,0.2691085985985786) (7.788331259085924,0.30315299910082877) (7.811835876205865,0.2794388830838027) (7.808540132698124,0.27842482944163055) (7.8265890479705815,0.2733643307315196) (7.845882421639794,0.32800719979492515) (7.829694822856048,0.3434811495275289) (7.8227654370094974,0.3228483233546522) (7.81531215859207,0.3306172157816173) (7.8368346536516444,0.3174749009467716) (7.841149441710065,0.3317468112557956) 
(7.207369176100037,2.3899516223825854) (7.213425413754954,2.374163798457543) (7.211866234619941,2.3949246411563507) (7.195510463901443,2.3782136548797226) (7.172338371432436,2.357064348716916) (7.173278255153837,2.346264648775432) (7.204988914373986,2.3613060165780753) (7.1766437613837315,2.3854652623223727) (7.1461594188612265,2.398686756579219) (7.139436416863399,2.4087493863048146) (7.160025362118934,2.4196082797474228) 
(3.5569656607468945,7.860799902309468) (3.5744084334566026,7.818823093037018) (3.5850269026470793,7.834966225128654) (3.5589494749109702,7.831865327953579) (3.563354560044064,7.848943703165192) (3.587668440040228,7.868418471090677) (3.6005300350553475,7.891457231542381) (3.5884728536496526,7.896118009509785) (3.5757293646974375,7.887904336322161) (3.556587012210062,7.887145613092627) (3.5564664227200753,7.878304689144642) 
(9.929901311149386,2.3829664048639074) (9.928155602927955,2.3667539807815268) (9.960763666550097,2.3559331667213055) (9.943002694801155,2.3456912304822306) (9.94144066297902,2.3502758577045966) (9.911871243153195,2.3801783612464913) (9.910349918153349,2.4083683037590693) (9.898940919926385,2.426775862908314) (9.908868167612406,2.45117749996519) (9.926181095660437,2.45896870855277) (9.92802965250769,2.4229896981371506) 
(5.601090899546836,0.9861605744364665) (5.592893488961443,0.9993749822163949) (5.601515861135521,0.9871535832263648) (5.604139168398108,0.9824316145189231) (5.606804457263004,0.9855213680475713) (5.623222733562923,0.9946104739138009) (5.606346783203563,0.9899751977980428) (5.595178370098394,1.0034774646431825) (5.6491497018586,0.9745755228993606) (5.667863353447736,0.995129975616058) (5.670703614472609,0.9712132856887754) 
(3.788238286980954,9.562838021809664) (3.7754199971802254,9.530583639704698) (3.755362324481589,9.534648534071605) (3.7583091804508446,9.516411300348796) (3.752053833477338,9.48988391203525) (3.7520939952504975,9.471875926319026) (3.739914391093973,9.431863425361767) (3.73781510263119,9.424925644148807) (3.712181133183838,9.438207138687051) (3.7030160500230833,9.450217476044909) (3.7361533817773567,9.435960912656586) 
(1.871113718950651,5.500208113927525) (1.8534558466969648,5.507188126365925) (1.8503030095030368,5.514446783897168) (1.854107203727297,5.4866320038777) (1.8408156937665006,5.5047104404713325) (1.870713073869745,5.49239333647831) (1.8457617536438453,5.50216440817607) (1.8047848316925235,5.459541664643206) (1.798883211029298,5.44092121922524) (1.8009339762753662,5.4497074492443645) (1.7751456292848775,5.444138581795402) 
(2.79892738191158,8.844521398571295) (2.8330021393874145,8.818673750542493) (2.8159100669900705,8.815360685576712) (2.825560605867872,8.847611140733862) (2.8147256020147373,8.849823794800775) (2.7922780669054856,8.839862126124109) (2.8130171792643575,8.841588130049217) (2.824607202265864,8.856332461545856) (2.823750455849675,8.848299503917247) (2.8634494484560444,8.857114667352704) (2.8490631527808605,8.867778249334014) 
(5.525277311349528,5.208702501199492) (5.527698060214572,5.199170378479587) (5.535141273534471,5.216812184501796) (5.542460736872074,5.17906457414251) (5.555477611539539,5.176074299498082) (5.575564984121619,5.16569378842183) (5.594118569804977,5.152927894636733) (5.584323573797729,5.152113731599201) (5.5932707496427945,5.1405462941267155) (5.5956707836747634,5.174695536439315) (5.566163917005274,5.135636392558226) 
(2.101421622994292,4.541025600803056) (2.086932189825465,4.540562355518502) (2.0907427983896882,4.56466948524271) (2.0962039858844954,4.593160720875427) (2.087179115128483,4.605165332942936) (2.0627284812480733,4.6377726885164545) (2.0574440340063287,4.662617834073035) (2.0257988342804047,4.657537794305814) (2.02688463690568,4.659860659625424) (2.0379991133401023,4.66859975881709) (2.042058027100497,4.664506447187017) 
(0.07888758242849847,8.338687826455626) (0.09422879020853533,8.402654015878898) (0.10432683911116972,8.423168443670585) (0.11230332743874978,8.413778556474632) (0.11003147633438186,8.42039727407166) (0.13349119166040244,8.413911651212594) (0.1121426612134897,8.428634859644758) (0.11004489416875413,8.411832547408727) (0.08091951514589169,8.431502513160517) (0.04303243071676778,8.408467093401487) (0.08109567546711068,8.392253101892322) 
(4.512887444582234,3.298581354277086) (4.506176290070471,3.311335850580181) (4.527363859169547,3.286687765241342) (4.513185972962733,3.287166636319662) (4.489528530490926,3.2767679212184153) (4.48105663901526,3.25327120296468) (4.483203808731696,3.236766782803066) (4.4966477107355765,3.2242797365378997) (4.506046468451853,3.2621069818700685) (4.5055240474992635,3.2605377821263763) (4.501441894980099,3.2764446483723453) 
(5.755951533368133,1.2812396141708449) (5.736577967685809,1.2467258184507428) (5.736312016007404,1.2477792986577763) (5.7312171041941555,1.2904534351529222) (5.725380959383088,1.2785410676052977) (5.727272701190046,1.313472841084447) (5.753132984262046,1.3699866912622731) (5.74425307525186,1.383763436729049) (5.735451917228762,1.3993838826272598) (5.7180500633770075,1.3793672465032092) (5.733077707794383,1.3721491878116399) 
(3.3250981780577202,3.2171949575769587) (3.3169750541970773,3.20800975569051) (3.3129954967542488,3.195351200449397) (3.321863410375466,3.2108505189089254) (3.297669488062872,3.189976898431929) (3.281010423449171,3.198807268933012) (3.2653158626873515,3.222038215989627) (3.23124185664363,3.225839277365092) (3.2698338736052177,3.211314772715433) (3.2623477301612636,3.2601701133596737) (3.2706736210159084,3.274741723247537) 
(6.2828413723153576,2.1087638762075445) (6.241473964409758,2.1301387267106855) (6.244491830818155,2.1351859986056225) (6.29138765229134,2.1323468026150443) (6.308250106719547,2.1007584769114422) (6.308156160374624,2.0799358290084866) (6.287576863301641,2.0622877357329856) (6.273562187576565,2.1073225684043644) (6.268962472344556,2.100668073934457) (6.261512188691402,2.0979883149136347) (6.226237417326714,2.110337790513306) 
(7.989157410848532,2.662081068677039) (7.981977880423047,2.6447398736275782) (8.005317382173464,2.6299114970061965) (8.019869549355873,2.6039669334860296) (8.013814199641168,2.6305283137692546) (8.020280785979464,2.5900021270552576) (8.04057758044142,2.6282180297112734) (8.014334396435004,2.6620645343828286) (8.00164722366983,2.6619478568850297) (8.012863379403322,2.654813025849344) (7.959672392040033,2.688246892214572) 
